# oST version 5.0 parameters


[image]

width
1280

height
720

[narrow_stereo]

camera matrix
1984.852866 0.000000 418.071224
0.000000 2020.127722 308.952986
0.000000 0.000000 1.000000

distortion
0.160659 0.575976 -0.010132 -0.029343 0.000000

rectification
1.000000 0.000000 0.000000
0.000000 1.000000 0.000000
0.000000 0.000000 1.000000

projection
2033.784302 0.000000 413.278663 0.000000
0.000000 2085.626953 304.308100 0.000000
0.000000 0.000000 1.000000 0.000000
